{
 "cells": [
  {
   "cell_type": "markdown",
   "metadata": {},
   "source": [
    "### 实现多元线性回归模型"
   ]
  },
  {
   "cell_type": "code",
   "execution_count": 1,
   "metadata": {},
   "outputs": [],
   "source": [
    "%run directory_connector.py"
   ]
  },
  {
   "cell_type": "code",
   "execution_count": 2,
   "metadata": {},
   "outputs": [],
   "source": [
    "import playML_Linear"
   ]
  },
  {
   "cell_type": "code",
   "execution_count": 21,
   "metadata": {},
   "outputs": [],
   "source": [
    "from playML_Linear import LinearRegression"
   ]
  },
  {
   "cell_type": "code",
   "execution_count": 12,
   "metadata": {},
   "outputs": [],
   "source": [
    "import numpy as np\n",
    "import matplotlib.pyplot as plt\n",
    "from sklearn import datasets"
   ]
  },
  {
   "cell_type": "code",
   "execution_count": 13,
   "metadata": {},
   "outputs": [],
   "source": [
    "boston = datasets.load_boston()\n",
    "X = boston.data\n",
    "y = boston.target"
   ]
  },
  {
   "cell_type": "code",
   "execution_count": 5,
   "metadata": {},
   "outputs": [],
   "source": [
    "X = X[y < 50]\n",
    "y = y[y < 50]"
   ]
  },
  {
   "cell_type": "code",
   "execution_count": 12,
   "metadata": {},
   "outputs": [
    {
     "data": {
      "text/plain": [
       "(490, 13)"
      ]
     },
     "execution_count": 12,
     "metadata": {},
     "output_type": "execute_result"
    }
   ],
   "source": [
    "X.shape"
   ]
  },
  {
   "cell_type": "code",
   "execution_count": 6,
   "metadata": {},
   "outputs": [],
   "source": [
    "from sklearn.model_selection import train_test_split\n",
    "X_train, X_test, y_train, y_test = train_test_split(X, y, random_state=666)"
   ]
  },
  {
   "cell_type": "code",
   "execution_count": 7,
   "metadata": {},
   "outputs": [
    {
     "data": {
      "text/plain": [
       "<playML_Linear.LinearRegression.LinearRegression at 0x1dc47b59160>"
      ]
     },
     "execution_count": 7,
     "metadata": {},
     "output_type": "execute_result"
    }
   ],
   "source": [
    "from playML_Linear.LinearRegression import LinearRegression\n",
    "reg = LinearRegression()\n",
    "reg.fit_normal(X_train, y_train)"
   ]
  },
  {
   "cell_type": "code",
   "execution_count": 62,
   "metadata": {},
   "outputs": [
    {
     "data": {
      "text/plain": [
       "array([[3.67000000e+02, 1.27841285e+03, 4.09050000e+03, 4.11486000e+03,\n",
       "        1.90000000e+01, 2.03220800e+02, 2.28588500e+03, 2.47827000e+04,\n",
       "        1.40971580e+03, 3.41300000e+03, 1.49189000e+05, 6.78970000e+03,\n",
       "        1.30886620e+05, 4.75938000e+03],\n",
       "       [1.27841285e+03, 3.20735431e+04, 3.30089935e+02, 2.27231651e+04,\n",
       "        2.87969600e+01, 8.58148022e+02, 7.58760050e+03, 1.17386712e+05,\n",
       "        2.38715013e+03, 2.87154706e+04, 8.19916499e+05, 2.55015955e+04,\n",
       "        3.50716258e+05, 2.65175320e+04],\n",
       "       [4.09050000e+03, 3.30089935e+02, 2.41377250e+05, 1.47633950e+04,\n",
       "        6.00000000e+01, 1.76023750e+03, 2.71626990e+04, 1.39841250e+05,\n",
       "        2.80926933e+04, 1.61070000e+04, 1.25340550e+06, 6.84901500e+04,\n",
       "        1.59220583e+06, 2.78107850e+04],\n",
       "       [4.11486000e+03, 2.27231651e+04, 1.47633950e+04, 6.32249360e+04,\n",
       "        2.60520000e+02, 2.50315316e+03, 2.49950750e+04, 3.24552248e+05,\n",
       "        1.19688019e+04, 5.04365200e+04, 1.95996044e+06, 7.80565180e+04,\n",
       "        1.38409581e+06, 6.45912563e+04],\n",
       "       [1.90000000e+01, 2.87969600e+01, 6.00000000e+01, 2.60520000e+02,\n",
       "        1.90000000e+01, 1.20430000e+01, 1.19064000e+02, 1.54580000e+03,\n",
       "        5.50629000e+01, 1.70000000e+02, 7.30300000e+03, 3.34200000e+02,\n",
       "        6.96348000e+03, 2.64440000e+02],\n",
       "       [2.03220800e+02, 8.58148022e+02, 1.76023750e+03, 2.50315316e+03,\n",
       "        1.20430000e+01, 1.17618241e+02, 1.25718817e+03, 1.46259019e+04,\n",
       "        7.09555208e+02, 2.11237530e+03, 8.72849308e+04, 3.77567040e+03,\n",
       "        7.09434933e+04, 2.82208155e+03],\n",
       "       [2.28588500e+03, 7.58760050e+03, 2.71626990e+04, 2.49950750e+04,\n",
       "        1.19064000e+02, 1.25718817e+03, 1.43948952e+04, 1.52448052e+05,\n",
       "        8.90183891e+03, 2.09409830e+04, 9.19684360e+05, 4.21610139e+04,\n",
       "        8.17821886e+05, 2.86641953e+04],\n",
       "       [2.47827000e+04, 1.17386712e+05, 1.39841250e+05, 3.24552248e+05,\n",
       "        1.54580000e+03, 1.46259019e+04, 1.52448052e+05, 1.97443963e+06,\n",
       "        7.84127534e+04, 2.70789900e+05, 1.09453841e+07, 4.64270370e+05,\n",
       "        8.56021659e+06, 3.71323338e+05],\n",
       "       [1.40971580e+03, 2.38715013e+03, 2.80926933e+04, 1.19688019e+04,\n",
       "        5.50629000e+01, 7.09555208e+02, 8.90183891e+03, 7.84127534e+04,\n",
       "        7.12314556e+03, 9.82463270e+03, 5.04613092e+05, 2.56765728e+04,\n",
       "        5.25227673e+05, 1.52961268e+04],\n",
       "       [3.41300000e+03, 2.87154706e+04, 1.61070000e+04, 5.04365200e+04,\n",
       "        1.70000000e+02, 2.11237530e+03, 2.09409830e+04, 2.70789900e+05,\n",
       "        9.82463270e+03, 5.86090000e+04, 1.85588500e+06, 6.60991000e+04,\n",
       "        1.08766449e+06, 5.50887000e+04],\n",
       "       [1.49189000e+05, 8.19916499e+05, 1.25340550e+06, 1.95996044e+06,\n",
       "        7.30300000e+03, 8.72849308e+04, 9.19684360e+05, 1.09453841e+07,\n",
       "        5.04613092e+05, 1.85588500e+06, 7.06369370e+07, 2.81636970e+06,\n",
       "        5.07130216e+07, 2.17004265e+06],\n",
       "       [6.78970000e+03, 2.55015955e+04, 6.84901500e+04, 7.80565180e+04,\n",
       "        3.34200000e+02, 3.77567040e+03, 4.21610139e+04, 4.64270370e+05,\n",
       "        2.56765728e+04, 6.60991000e+04, 2.81636970e+06, 1.27264250e+05,\n",
       "        2.41125624e+06, 8.98425900e+04],\n",
       "       [1.30886620e+05, 3.50716258e+05, 1.59220583e+06, 1.38409581e+06,\n",
       "        6.96348000e+03, 7.09434933e+04, 8.17821886e+05, 8.56021659e+06,\n",
       "        5.25227673e+05, 1.08766449e+06, 5.07130216e+07, 2.41125624e+06,\n",
       "        4.98139586e+07, 1.60792775e+06],\n",
       "       [4.75938000e+03, 2.65175320e+04, 2.78107850e+04, 6.45912563e+04,\n",
       "        2.64440000e+02, 2.82208155e+03, 2.86641953e+04, 3.71323338e+05,\n",
       "        1.52961268e+04, 5.50887000e+04, 2.17004265e+06, 8.98425900e+04,\n",
       "        1.60792775e+06, 8.03707872e+04]])"
      ]
     },
     "execution_count": 62,
     "metadata": {},
     "output_type": "execute_result"
    }
   ],
   "source": [
    "X_b = np.hstack([np.ones((len(X_train), 1)), X_train])\n",
    "X_b.T.dot(X_b)"
   ]
  },
  {
   "cell_type": "code",
   "execution_count": 53,
   "metadata": {},
   "outputs": [
    {
     "data": {
      "text/plain": [
       "array([[ 1.45683185e+00, -4.56089547e-04, -1.26358478e-04,\n",
       "         1.10241038e-03,  8.19701975e-03, -6.04252941e-01,\n",
       "        -8.76320444e-02,  3.21954454e-04, -1.91523065e-02,\n",
       "         5.62704021e-03, -1.08158965e-04, -2.19832341e-02,\n",
       "        -2.07720776e-04, -4.56717716e-03],\n",
       "       [-4.56089547e-04,  6.29068773e-05, -2.41019381e-06,\n",
       "         3.76199451e-06,  1.05912657e-04,  3.97159450e-04,\n",
       "         1.77490463e-05,  4.23766665e-07,  4.41741525e-05,\n",
       "        -3.55910111e-05,  1.30719591e-07,  1.10077358e-06,\n",
       "         4.05555893e-07, -1.54040251e-05],\n",
       "       [-1.26358478e-04, -2.41019381e-06,  1.23036455e-05,\n",
       "         6.63840260e-06,  1.21714074e-05,  4.93693841e-05,\n",
       "        -5.26012966e-05,  1.16705239e-06, -7.27419074e-05,\n",
       "         7.75806779e-06, -8.21650187e-07,  3.83622382e-05,\n",
       "         1.34277644e-09, -1.91858013e-06],\n",
       "       [ 1.10241038e-03,  3.76199451e-06,  6.63840260e-06,\n",
       "         2.27094921e-04, -2.28743323e-04, -3.92564858e-03,\n",
       "         1.36535328e-04,  9.65683497e-07,  1.44970325e-04,\n",
       "         6.77321839e-05, -5.73035881e-06, -6.24867669e-05,\n",
       "         3.27735166e-07, -2.18913111e-05],\n",
       "       [ 8.19701975e-03,  1.05912657e-04,  1.21714074e-05,\n",
       "        -2.28743323e-04,  6.00136890e-02, -3.02841946e-02,\n",
       "        -8.62023057e-04, -2.23661177e-05, -4.45477420e-04,\n",
       "        -2.94051449e-04,  2.66344580e-05,  5.64295954e-04,\n",
       "        -7.82789040e-06,  2.89621055e-05],\n",
       "       [-6.04252941e-01,  3.97159450e-04,  4.93693841e-05,\n",
       "        -3.92564858e-03, -3.02841946e-02,  8.49594241e-01,\n",
       "         8.71043821e-03, -8.05461758e-04,  1.22045879e-02,\n",
       "        -2.36635975e-03, -5.82955112e-05,  9.04898982e-03,\n",
       "         3.53198474e-05, -2.77159484e-04],\n",
       "       [-8.76320444e-02,  1.77490463e-05, -5.26012966e-05,\n",
       "         1.36535328e-04, -8.62023057e-04,  8.71043821e-03,\n",
       "         1.09219981e-02, -6.49441470e-05,  5.20226099e-04,\n",
       "        -2.75061529e-04,  5.77929151e-06,  3.15126954e-04,\n",
       "         5.50492026e-06,  6.64787628e-04],\n",
       "       [ 3.21954454e-04,  4.23766665e-07,  1.16705239e-06,\n",
       "         9.65683497e-07, -2.23661177e-05, -8.05461758e-04,\n",
       "        -6.49441470e-05,  1.08586950e-05,  4.57922198e-05,\n",
       "         4.24742572e-06, -9.01206249e-08, -7.11208377e-06,\n",
       "        -1.34346192e-07, -1.75905986e-05],\n",
       "       [-1.91523065e-02,  4.41741525e-05, -7.27419074e-05,\n",
       "         1.44970325e-04, -4.45477420e-04,  1.22045879e-02,\n",
       "         5.20226099e-04,  4.57922198e-05,  2.31045852e-03,\n",
       "         1.35781747e-06, -6.30505725e-08, -1.69570580e-04,\n",
       "        -2.12246641e-07, -4.10885692e-05],\n",
       "       [ 5.62704021e-03, -3.55910111e-05,  7.75806779e-06,\n",
       "         6.77321839e-05, -2.94051449e-04, -2.36635975e-03,\n",
       "        -2.75061529e-04,  4.24742572e-06,  1.35781747e-06,\n",
       "         2.64148450e-04, -1.15808654e-05, -8.60415854e-05,\n",
       "         9.44467912e-07, -7.40148202e-06],\n",
       "       [-1.08158965e-04,  1.30719591e-07, -8.21650187e-07,\n",
       "        -5.73035881e-06,  2.66344580e-05, -5.82955112e-05,\n",
       "         5.77929151e-06, -9.01206249e-08, -6.30505725e-08,\n",
       "        -1.15808654e-05,  8.34541471e-07, -2.95271443e-06,\n",
       "         1.79345677e-08, -7.52465851e-08],\n",
       "       [-2.19832341e-02,  1.10077358e-06,  3.83622382e-05,\n",
       "        -6.24867669e-05,  5.64295954e-04,  9.04898982e-03,\n",
       "         3.15126954e-04, -7.11208377e-06, -1.69570580e-04,\n",
       "        -8.60415854e-05, -2.95271443e-06,  1.03005193e-03,\n",
       "        -1.44242895e-06, -1.23627155e-05],\n",
       "       [-2.07720776e-04,  4.05555893e-07,  1.34277644e-09,\n",
       "         3.27735166e-07, -7.82789040e-06,  3.53198474e-05,\n",
       "         5.50492026e-06, -1.34346192e-07, -2.12246641e-07,\n",
       "         9.44467912e-07,  1.79345677e-08, -1.44242895e-06,\n",
       "         4.29218080e-07,  1.28014220e-06],\n",
       "       [-4.56717716e-03, -1.54040251e-05, -1.91858013e-06,\n",
       "        -2.18913111e-05,  2.89621055e-05, -2.77159484e-04,\n",
       "         6.64787628e-04, -1.75905986e-05, -4.10885692e-05,\n",
       "        -7.40148202e-06, -7.52465851e-08, -1.23627155e-05,\n",
       "         1.28014220e-06,  1.63184948e-04]])"
      ]
     },
     "execution_count": 53,
     "metadata": {},
     "output_type": "execute_result"
    }
   ],
   "source": [
    "a = np.linalg.inv(X_b.T.dot(X_b))\n",
    "a"
   ]
  },
  {
   "cell_type": "code",
   "execution_count": 55,
   "metadata": {},
   "outputs": [
    {
     "data": {
      "text/plain": [
       "array([[ 3.89655434e-02,  2.90352102e-03,  6.68212369e-02, ...,\n",
       "        -4.37466622e-02, -5.86605749e-02,  3.14873130e-02],\n",
       "       [-3.94183727e-05,  5.71483834e-05, -1.84405151e-05, ...,\n",
       "        -9.06025324e-04, -1.85898317e-04, -4.62990565e-05],\n",
       "       [-2.88724686e-05, -5.68267618e-05,  2.77177132e-04, ...,\n",
       "         2.29340223e-05,  4.09351046e-05, -8.71712862e-05],\n",
       "       ...,\n",
       "       [-1.48327381e-03, -2.08856789e-03,  4.37051615e-04, ...,\n",
       "         1.02381174e-03,  1.78150986e-04, -3.30101477e-04],\n",
       "       [-2.65212835e-07,  4.75741958e-06,  3.60609051e-06, ...,\n",
       "        -9.83267661e-05,  4.09579871e-05, -1.07806309e-05],\n",
       "       [-3.60163985e-05, -9.49508340e-05, -3.63373162e-04, ...,\n",
       "         8.56559564e-04,  4.45885898e-04, -6.10795852e-04]])"
      ]
     },
     "execution_count": 55,
     "metadata": {},
     "output_type": "execute_result"
    }
   ],
   "source": [
    "b = a.dot(X_b.T)\n",
    "b"
   ]
  },
  {
   "cell_type": "code",
   "execution_count": 56,
   "metadata": {},
   "outputs": [
    {
     "data": {
      "text/plain": [
       "array([ 3.26456608e+01, -1.14235739e-01,  3.12783163e-02, -4.30926281e-02,\n",
       "       -9.16425531e-02, -1.09940036e+01,  3.49155727e+00, -1.40778005e-02,\n",
       "       -1.06270960e+00,  2.45307516e-01, -1.23179738e-02, -8.80618320e-01,\n",
       "        8.43243544e-03, -3.99667727e-01])"
      ]
     },
     "execution_count": 56,
     "metadata": {},
     "output_type": "execute_result"
    }
   ],
   "source": [
    "b.dot(y_train)"
   ]
  },
  {
   "cell_type": "code",
   "execution_count": 9,
   "metadata": {},
   "outputs": [
    {
     "data": {
      "text/plain": [
       "0.8008916199519345"
      ]
     },
     "execution_count": 9,
     "metadata": {},
     "output_type": "execute_result"
    }
   ],
   "source": [
    "reg.score(X_test, y_test)"
   ]
  },
  {
   "cell_type": "markdown",
   "metadata": {},
   "source": [
    "### kNN Regressor"
   ]
  },
  {
   "cell_type": "code",
   "execution_count": 11,
   "metadata": {},
   "outputs": [
    {
     "data": {
      "text/plain": [
       "0.602674505080953"
      ]
     },
     "execution_count": 11,
     "metadata": {},
     "output_type": "execute_result"
    }
   ],
   "source": [
    "from sklearn.neighbors import KNeighborsRegressor\n",
    "knn_reg = KNeighborsRegressor()\n",
    "knn_reg.fit(X_train, y_train)\n",
    "knn_reg.score(X_test, y_test)"
   ]
  },
  {
   "cell_type": "markdown",
   "metadata": {},
   "source": [
    "### 更多有关线性回归的解释"
   ]
  },
  {
   "cell_type": "code",
   "execution_count": 16,
   "metadata": {},
   "outputs": [],
   "source": [
    "import numpy as np\n",
    "import matplotlib.pyplot as plt\n",
    "from sklearn import datasets\n"
   ]
  },
  {
   "cell_type": "code",
   "execution_count": 17,
   "metadata": {},
   "outputs": [
    {
     "data": {
      "text/plain": [
       "LinearRegression(copy_X=True, fit_intercept=True, n_jobs=1, normalize=False)"
      ]
     },
     "execution_count": 17,
     "metadata": {},
     "output_type": "execute_result"
    }
   ],
   "source": [
    "boston = datasets.load_boston()\n",
    "X = boston.data\n",
    "y = boston.target\n",
    "\n",
    "from sklearn.linear_model import LinearRegression\n",
    "lin_reg = LinearRegression()\n",
    "lin_reg.fit(X, y)"
   ]
  },
  {
   "cell_type": "code",
   "execution_count": 18,
   "metadata": {},
   "outputs": [
    {
     "data": {
      "text/plain": [
       "array([-1.07170557e-01,  4.63952195e-02,  2.08602395e-02,  2.68856140e+00,\n",
       "       -1.77957587e+01,  3.80475246e+00,  7.51061703e-04, -1.47575880e+00,\n",
       "        3.05655038e-01, -1.23293463e-02, -9.53463555e-01,  9.39251272e-03,\n",
       "       -5.25466633e-01])"
      ]
     },
     "execution_count": 18,
     "metadata": {},
     "output_type": "execute_result"
    }
   ],
   "source": [
    "lin_reg.coef_"
   ]
  },
  {
   "cell_type": "code",
   "execution_count": 19,
   "metadata": {},
   "outputs": [
    {
     "data": {
      "text/plain": [
       "array([ 4,  7, 10, 12,  0,  9,  6, 11,  2,  1,  8,  3,  5], dtype=int64)"
      ]
     },
     "execution_count": 19,
     "metadata": {},
     "output_type": "execute_result"
    }
   ],
   "source": [
    "np.argsort(lin_reg.coef_)"
   ]
  },
  {
   "cell_type": "code",
   "execution_count": 21,
   "metadata": {},
   "outputs": [
    {
     "data": {
      "text/plain": [
       "array(['NOX', 'DIS', 'PTRATIO', 'LSTAT', 'CRIM', 'TAX', 'AGE', 'B',\n",
       "       'INDUS', 'ZN', 'RAD', 'CHAS', 'RM'], dtype='<U7')"
      ]
     },
     "execution_count": 21,
     "metadata": {},
     "output_type": "execute_result"
    }
   ],
   "source": [
    "boston.feature_names[np.argsort(lin_reg.coef_)]"
   ]
  },
  {
   "cell_type": "code",
   "execution_count": null,
   "metadata": {},
   "outputs": [],
   "source": []
  },
  {
   "cell_type": "code",
   "execution_count": null,
   "metadata": {},
   "outputs": [],
   "source": []
  }
 ],
 "metadata": {
  "kernelspec": {
   "display_name": "Python 3",
   "language": "python",
   "name": "python3"
  },
  "language_info": {
   "codemirror_mode": {
    "name": "ipython",
    "version": 3
   },
   "file_extension": ".py",
   "mimetype": "text/x-python",
   "name": "python",
   "nbconvert_exporter": "python",
   "pygments_lexer": "ipython3",
   "version": "3.6.4"
  }
 },
 "nbformat": 4,
 "nbformat_minor": 2
}
